40 , 20 , 01
40 , 20 , 04
40 , 20 , 07
40 , 20 , 0a
26 , 0f , 0d
26 , 0f , 10
26 , 0f , 13
26 , 0f , 16
0d , 07 , 19
0d , 07 , 1c
0d , 07 , 1f
0c , 07 , 22
21 , 0f , 25
21 , 0f , 28
21 , 0f , 2b
21 , 0f , 2e
2e , 1b , 31
2e , 1b , 34
2e , 1b , 37
2e , 1b , 3a
26 , 19 , 3d
26 , 19 , 40
25 , 19 , 43
25 , 19 , 46
0e , 06 , 49
0d , 06 , 4c
0d , 06 , 4f
0d , 06 , 52
20 , 0a , 55
20 , 0a , 58
20 , 0a , 5b
20 , 0a , 5e
2c , 17 , 61
2c , 17 , 64
2b , 17 , 67
2b , 17 , 6a


## total 36, 4 prediction, 32 actual FPS
## following is based on decimalism
## input num, output num, baseline in SRAM
[[64, 32,1],
[64, 32, 4],
[64, 32, 7],
[64, 32, 10],
[38, 15, 13],
[38, 15, 16],
[38, 15, 19],
[38, 15, 22],
[13, 7,  25],
[13, 7,  28],
[13, 7,  31],
[12, 7,  34],
[33, 15, 37],
[33, 15, 40],
[33, 15, 43],
[33, 15, 46],
[46, 27, 49],
[46, 27, 52],
[46, 27, 55],
[46, 27, 58],
[38, 25, 61],
[38, 25, 64],
[37, 25, 67],
[37, 25, 70],
[14, 6,  73],
[13, 6,  76],
[13, 6,  79],
[13, 6,  82],
[32, 10, 85],
[32, 10, 88],
[32, 10, 91],
[32, 10, 94],
[44, 23, 97],
[44, 23, 100],
[43, 23, 103],
[43, 23, 106]]
