0040 , 0020 , 0001
0040 , 0020 , 0011
0040 , 0020 , 0021
0040 , 0020 , 0031
0026 , 000f , 0041
0026 , 000f , 004d
0026 , 000f , 0059
0026 , 000f , 0065
000d , 0007 , 0071
000d , 0007 , 007d
000d , 0007 , 0089
000c , 0007 , 0095
0021 , 000f , 00a1
0021 , 000f , 00ad
0021 , 000f , 00b9
0021 , 000f , 00c5
002e , 001b , 00d1
002e , 001b , 00dd
002e , 001b , 00e9
002e , 001b , 00f5
0026 , 0019 , 0101
0026 , 0019 , 010d
0025 , 0019 , 0119
0025 , 0019 , 0125
000e , 0006 , 0131
000d , 0006 , 013d
000d , 0006 , 0149
000d , 0006 , 0155
0020 , 000a , 0161
0020 , 000a , 016d
0020 , 000a , 0179
0020 , 000a , 0185
002c , 0017 , 0191
002c , 0017 , 019d
002b , 0017 , 01a9
002b , 0017 , 01b5

## total 36, 4 prediction, 32 actual FPS
## following is based on decimalism
## input num, output num, baseline in SRAM
[[64, 32,1],
[64, 32, 17],
[64, 32, 33],
[64, 32, 49],
[38, 15, 65],
[38, 15, 77],
[38, 15, 89],
[38, 15, 101],
[13, 7,  113],
[13, 7,  125],
[13, 7,  137],
[12, 7,  149],
[33, 15, 161],
[33, 15, 173],
[33, 15, 185],
[33, 15, 197],
[46, 27, 209],
[46, 27, 221],
[46, 27, 233],
[46, 27, 245],
[38, 25, 257],
[38, 25, 269],
[37, 25, 281],
[37, 25, 293],
[14, 6,  305],
[13, 6,  317],
[13, 6,  329],
[13, 6,  341],
[32, 10, 353],
[32, 10, 365],
[32, 10, 377],
[32, 10, 389],
[44, 23, 401],
[44, 23, 413],
[43, 23, 425],
[43, 23, 437]]
