40 , 20 , 01
40 , 20 , 09
40 , 20 , 11
40 , 20 , 19
26 , 0f , 21
26 , 0f , 27
26 , 0f , 2d
26 , 0f , 33
0d , 07 , 39
0d , 07 , 3f
0d , 07 , 45
0c , 07 , 4b
21 , 0f , 51
21 , 0f , 57
21 , 0f , 5d
21 , 0f , 63
2e , 1b , 69
2e , 1b , 6f
2e , 1b , 75
2e , 1b , 7b
26 , 19 , 81
26 , 19 , 87
25 , 19 , 8d
25 , 19 , 93
0e , 06 , 99
0d , 06 , 9f
0d , 06 , a5
0d , 06 , ab
20 , 0a , b1
20 , 0a , b7
20 , 0a , bd
20 , 0a , c3
2c , 17 , c9
2c , 17 , cf
2b , 17 , d5
2b , 17 , db

## total 36, 4 prediction, 32 actual FPS
## following is based on decimalism
## input num, output num, baseline in SRAM
[[64, 32,1 ],
[64, 32, 9 ],
[64, 32, 17],
[64, 32, 25],
[38, 15, 33],
[38, 15, 39],
[38, 15, 45],
[38, 15, 51],
[13, 7,  57],
[13, 7,  63],
[13, 7,  69],
[12, 7,  75],
[33, 15, 81],
[33, 15, 87],
[33, 15, 93],
[33, 15, 99],
[46, 27, 105],
[46, 27, 111],
[46, 27, 117],
[46, 27, 123],
[38, 25, 129],
[38, 25, 135],
[37, 25, 141],
[37, 25, 147],
[14, 6,  153],
[13, 6,  159],
[13, 6,  165],
[13, 6,  171],
[32, 10, 177],
[32, 10, 183],
[32, 10, 189],
[32, 10, 195],
[44, 23, 201],
[44, 23, 207],
[43, 23, 213],
[43, 23, 219]]
