
000020004
000000000
000000001
000000002
000000003
000002004
000000000
000000004
000002000
000000001
000000004
000002001
000000001
000000000
000000004
000000802
000000000
000000003
000002000
000002001
000002000
000002002
000002003
000002001
000000005
000002000
000000001
000002009
000000004
000002001
000000000
000002003
000002002
000000001
000000005
000000003
000002004
000000001
000000002
000002003
000000004
000000001
000002002
000000003
000000004
000000001
000002002
000000003
000002004
000000001
000002002
000000003
000002004
000000001
000000002
000002003
000000004
000000001
000002002
000000003
000000004
000002001
000000002
000000003
000002004
000000001
000000001
000000001
000000001
000000001
000000001
000000001
000000001
000000002
000000002
000000002
000000002
000000002
000000002
000000002
000000002
000000003
000000003
000000003
000000003
000000003
000000003
000000003
000000004
000000004