0000 2000 4 // 32 bits Delay Clks After ISA is executed, 4bit ISA, 2**13
0000 0000 1
0000 0000 2
0000 0000 3
0000 0000 4 // 2**9
0000 0200 2
0000 0000 4
0000 0200 2
0000 0000 4
0000 0200 2
0000 0000 1
0000 0000 4
0000 0200 2
0000 0000 1
0000 0000 4 // 2**9
0000 0200 2
0000 0000 4
0000 0200 2
0000 0000 4
0000 0200 2
0000 0000 4
0000 0200 2 //
0000 0000 4 // 2**9
0000 0200 2
0000 0000 4
0000 0200 2
0000 0000 4
0000 0200 2
0000 0000 1
0000 0000 4
0000 0200 2
0000 0000 1
0000 0000 4 // 2**9
0000 0200 2
0000 0000 4
0000 0200 2
0000 0000 4
0000 0200 2
0000 0000 4
0000 0200 2 //
0000 0000 4 // 2**9
0000 0200 2
0000 0000 4
0000 0200 2
0000 0000 4
0000 0200 2
0000 0000 1
0000 0000 4
0000 0200 2
0000 0000 1
0000 0000 4 // 2**9
0000 0200 2
0000 0000 4
0000 0200 2
0000 0000 4
0000 0200 2
0000 0000 4
0000 0200 2 //
0000 0000 4 // 2**9
0000 0200 2
0000 0000 4
0000 0200 2
0000 0000 4
0000 0200 2
0000 0000 1
0000 0000 4
0000 0200 2
0000 0000 1
0000 0000 4 // 2**9
0000 0200 2
