## total 36, 4 prediction, 32 actual FPS
## following is based on decimalism
## input num, output num, baseline in SRAM

[[32, 16, 1],
[32, 16, 2],
[19, 13, 3],
[19, 13, 4],
[19, 13, 5],
[19, 13, 6],
[19, 13, 7],
[19, 13, 8],
[19, 13, 9],
[19, 13, 10],
[19, 13, 11],
[19, 13, 12],
[19, 13, 13],
[19, 13, 14],
[19, 13, 15],
[19, 13, 16],
[18, 13, 17],
[18, 13, 18],
[7, 2, 19],
[7, 2, 20],
[7, 2, 21],
[7, 2, 22],
[7, 2, 23],
[7, 2, 24],
[7, 2, 25],
[7, 2, 26],
[6, 2, 27],
[6, 2, 28],
[6, 2, 29],
[6, 2, 30],
[6, 2, 31],
[6, 2, 32],
[6, 2, 33],
[6, 2, 34],
[17, 9, 35],
[17, 9, 36],
[17, 9, 37],
[17, 9, 38],
[16, 9, 39],
[16, 9, 40],
[16, 9, 41],
[16, 9, 42],
[16, 9, 43],
[16, 9, 44],
[16, 9, 45],
[16, 9, 46],
[16, 9, 47],
[16, 9, 48],
[16, 9, 49],
[16, 9, 50],
[23, 8, 51],
[23, 8, 52],
[23, 8, 53],
[23, 8, 54],
[23, 8, 55],
[23, 8, 56],
[22, 8, 57],
[22, 8, 58],
[22, 8, 59],
[22, 8, 60],
[22, 8, 61],
[22, 8, 62],
[22, 8, 63],
[22, 8, 64],
[22, 8, 65],
[22, 8, 66]]
